('------ds-------', (array([[-0.05348369,  0.99258199],
       [ 1.81989987, -0.17559999],
       [ 0.95535658,  0.05999942],
       [ 0.01558147,  0.11081703],
       [ 0.96454939, -0.51276464],
       [ 1.98889686,  0.30384984],
       [ 0.53549261,  0.68257563],
       [ 0.92004283, -0.58127765],
       [ 0.01206304,  0.29518806],
       [ 1.88346177,  0.28446179],
       [-0.08064949,  0.41062938],
       [ 1.93512761, -0.05897236],
       [ 1.31504601, -0.56540653],
       [ 0.85667004,  0.89282872],
       [ 0.75641531,  0.4715998 ],
       [-0.35242078,  0.99888439],
       [ 0.20681479,  1.06917351],
       [ 0.12280354,  0.94090393],
       [-0.42463668,  0.82968195],
       [ 0.96867858,  0.51144583],
       [-0.81695256,  0.4692567 ],
       [ 0.34228955, -0.19550647],
       [ 0.88254314,  0.37839804],
       [ 0.75337171, -0.46959342],
       [-0.86421327,  0.12595569],
       [-0.91417342, -0.08494092],
       [ 0.81989526,  0.35435414],
       [ 2.06045723,  0.32569418],
       [ 1.61496097, -0.20024177],
       [ 1.22516082, -0.36530949],
       [ 0.29040666, -0.11399058],
       [ 1.24895872, -0.6375463 ],
       [ 1.84706118, -0.03404951],
       [ 0.53663514, -0.38453542],
       [ 0.0242806 ,  0.47944808],
       [-0.1641747 ,  0.99217162],
       [ 0.3112303 ,  0.94315139],
       [ 0.10912597,  0.16554781],
       [ 0.13362754, -0.09579443],
       [ 0.98723451, -0.5415727 ],
       [ 1.17197074,  0.02766154],
       [ 0.37294948, -0.23005049],
       [-0.89269787,  0.30477789],
       [-0.93742913,  0.37269845],
       [ 0.98705913,  0.29504458],
       [ 0.69184886,  1.00850764],
       [ 0.53396067,  1.11503264],
       [-0.68167785,  0.60664527],
       [-0.84918229,  0.48611965],
       [ 0.89088845,  0.26132482],
       [ 1.71571634,  0.00383596],
       [-0.01921598, -0.10865242],
       [ 0.90718408,  0.14907219],
       [-0.55256673,  0.77301182],
       [-0.04128547,  0.74551416],
       [ 0.06512093,  0.38695036],
       [ 0.68371129,  0.75982224],
       [-0.4895445 ,  0.60508812],
       [ 0.13846427,  1.10431002],
       [-0.03020858,  0.43534298],
       [ 0.74644803,  0.6502231 ],
       [-0.39394839,  0.94057947],
       [ 0.3901319 , -0.26931898],
       [ 0.10846456, -0.08247412],
       [ 1.09446916, -0.57242577],
       [ 1.44728591, -0.3106938 ],
       [-0.35774007,  0.91159506],
       [ 1.57680711, -0.42339656],
       [ 0.66380837,  0.71342556],
       [ 1.92764584, -0.29866619],
       [ 0.31216201,  0.90885838],
       [-0.50636366,  0.94031757],
       [-0.96076919,  0.02416348],
       [ 2.00218361,  0.28916572],
       [ 2.04722133,  0.44494106],
       [ 0.55487819, -0.51847224],
       [ 0.30523514,  1.01101416],
       [ 1.87911626,  0.27626236],
       [ 0.77312163, -0.47384933],
       [ 1.2022895 , -0.48846672],
       [-0.06727641,  1.08143288],
       [-0.66615058,  0.81540854],
       [ 1.36653472, -0.34524643],
       [-0.94617066,  0.29591716],
       [-0.84380325,  0.24663372],
       [ 0.29356767, -0.17762164],
       [ 0.1515395 , -0.01648393],
       [ 0.72338642,  0.55766146],
       [ 1.73527875, -0.16616636],
       [ 0.64619536, -0.34488517],
       [ 1.70143362, -0.27207392],
       [-0.7221082 ,  0.70398889],
       [ 0.24891696,  0.91196372],
       [ 1.47116673, -0.50647887],
       [ 0.94885057,  0.56315878],
       [ 1.8875238 ,  0.4018008 ],
       [ 0.43118222, -0.47523993],
       [ 0.56864489, -0.32780953],
       [-1.10069346,  0.22628889],
       [-1.06497638,  0.27145451]]), array([0, 1, 0, 1, 1, 1, 0, 1, 1, 1, 1, 1, 1, 0, 0, 0, 0, 0, 0, 0, 0, 1, 0,
       1, 0, 0, 0, 1, 1, 1, 1, 1, 1, 1, 1, 0, 0, 1, 1, 1, 0, 1, 0, 0, 0, 0,
       0, 0, 0, 0, 1, 1, 0, 0, 0, 1, 0, 0, 0, 1, 0, 0, 1, 1, 1, 1, 0, 1, 0,
       1, 0, 0, 0, 1, 1, 1, 0, 1, 1, 1, 0, 0, 1, 0, 0, 1, 1, 0, 1, 1, 1, 0,
       0, 1, 0, 1, 1, 1, 0, 0])))
('------ds-------', (array([[-0.94957536, -0.12813035],
       [ 0.05390833, -0.42646562],
       [ 0.93214973,  0.18081215],
       [ 0.36914571,  0.21981788],
       [-0.56750218, -0.01327843],
       [ 0.3806921 , -0.20613978],
       [-0.40867925,  0.73225992],
       [-0.46822573,  0.03844641],
       [ 0.41751125,  0.28971948],
       [ 0.3206754 , -0.25577625],
       [ 0.36579791,  0.28585028],
       [ 0.30207214, -0.54725258],
       [-0.37236317, -0.27454089],
       [ 0.12157863,  1.15057745],
       [ 0.49287043,  0.8082293 ],
       [-0.81607272, -0.52736928],
       [-0.88256159,  0.45011628],
       [-0.90136274,  0.06675095],
       [-0.44207091, -0.86978873],
       [ 0.63318667,  0.8650562 ],
       [ 0.74738819, -0.67652354],
       [ 0.09203416,  0.49918945],
       [ 0.83076047,  0.55536396],
       [-0.4622607 ,  0.24621133],
       [ 0.91209859, -0.71548415],
       [ 1.05235514, -0.39770103],
       [ 0.62194713,  0.66363424],
       [ 0.55651458, -0.23697244],
       [-0.16628931, -0.19889909],
       [-0.36691956,  0.06740301],
       [ 0.24632878,  0.45964821],
       [-0.50091483, -0.49297051],
       [ 0.16348157, -0.46404287],
       [-0.37729351,  0.41513383],
       [ 0.51828334,  0.10618491],
       [-0.97315797, -0.24370005],
       [-0.73097704,  0.79925201],
       [ 0.40052704,  0.38308836],
       [-0.22546683,  0.64349694],
       [-0.47677126,  0.02058013],
       [ 1.16614005,  0.08892456],
       [ 0.2280861 ,  0.40932153],
       [ 0.54409779, -0.97343377],
       [ 0.35966887, -1.02284615],
       [ 0.89607094,  0.52314367],
       [-0.1892848 ,  1.1393919 ],
       [-0.46440441,  1.07276126],
       [ 0.46542725, -0.88994615],
       [-0.02494581, -1.16013548],
       [ 0.75084969,  0.53400186],
       [ 0.05728728, -0.45786001],
       [ 0.03176177,  0.389296  ],
       [ 0.90718408,  0.14907219],
       [-0.40622936, -0.95198749],
       [-0.74854102, -0.5975383 ],
       [ 0.56512093, -0.11304964],
       [ 0.10964665,  1.0938811 ],
       [-0.17507169, -1.12779988],
       [-0.92614192,  0.35762079],
       [ 0.44587301,  0.18756508],
       [ 0.2540514 ,  1.00316909],
       [-0.71813367, -0.65838026],
       [-0.30436518,  0.5382373 ],
       [ 0.32814542,  0.23666624],
       [-0.62821177, -0.35463476],
       [-0.33071239, -0.50439058],
       [-0.53262577, -0.74551749],
       [-0.2081992 , -0.55563783],
       [-0.14706275,  0.91388133],
       [ 0.21992288, -0.69169928],
       [-0.76217167,  0.65493707],
       [-1.09814276, -0.50010396],
       [ 1.03134551, -0.10116975],
       [ 0.47528183, -0.2670194 ],
       [ 0.53356752, -0.11533366],
       [-0.46424107,  0.26226973],
       [-0.78830944,  0.64013156],
       [ 0.29454483, -0.25090297],
       [-0.53216672,  0.19739473],
       [-0.44160198, -0.12562988],
       [-1.03522483,  0.08194666],
       [-0.01059175, -0.87830074],
       [-0.40273294, -0.27310736],
       [ 0.91169518, -0.37699514],
       [ 0.14499169, -1.33376406],
       [-0.28882417,  0.61807887],
       [ 0.2907716 ,  0.39639759],
       [ 0.06782759,  0.86000564],
       [ 0.00522805, -0.51695133],
       [-0.47378555,  0.40767531],
       [-0.04831098, -0.57540473],
       [-0.23718862, -1.01857636],
       [-0.84991065,  0.41878948],
       [-0.31513924, -0.57350007],
       [ 0.53654176,  0.92245093],
       [ 0.34411799, -0.1479174 ],
       [-0.37419289,  0.33352334],
       [ 0.09844404,  0.44516557],
       [ 0.82087304, -0.26971282],
       [ 0.61304799, -0.72820082]]), array([0, 1, 0, 1, 1, 1, 0, 1, 1, 1, 1, 1, 1, 0, 0, 0, 0, 0, 0, 0, 0, 1, 0,
       1, 0, 0, 0, 1, 1, 1, 1, 1, 1, 1, 1, 0, 0, 1, 1, 1, 0, 1, 0, 0, 0, 0,
       0, 0, 0, 0, 1, 1, 0, 0, 0, 1, 0, 0, 0, 1, 0, 0, 1, 1, 1, 1, 0, 1, 0,
       1, 0, 0, 0, 1, 1, 1, 0, 1, 1, 1, 0, 0, 1, 0, 0, 1, 1, 0, 1, 1, 1, 0,
       0, 1, 0, 1, 1, 1, 0, 0])))
('------ds-------', (array([[ 1.77018953,  0.83370131],
       [ 0.95226232,  2.31722952],
       [ 1.72648875,  1.55821601],
       [ 0.34470695,  3.21632935],
       [-0.13810849,  2.03963088],
       [ 0.61542489,  2.49574247],
       [ 1.2991231 ,  2.1315897 ],
       [-0.42720793,  2.73523908],
       [ 0.95201805,  2.34618385],
       [ 2.84269076,  1.43058836],
       [ 2.08207784,  1.12393578],
       [ 0.24171906,  1.79170173],
       [ 1.03918916,  2.13459841],
       [ 1.26818624,  0.69591846],
       [ 0.08139118,  3.20774178],
       [ 1.87233245,  1.39129818],
       [ 2.23802442,  1.98774095],
       [ 2.06675264,  2.06694202],
       [ 0.44708851,  2.36176971],
       [ 1.30101841,  2.4167165 ],
       [ 0.30021539,  1.47636376],
       [ 2.81854758,  1.73881541],
       [-0.47385483,  1.97875278],
       [-1.46534626,  1.21805551],
       [ 1.85895478,  2.36947613],
       [-0.10236831,  0.70298149],
       [ 1.77254759,  2.77175728],
       [ 0.18853426,  1.33848656],
       [ 1.17166732,  0.73128155],
       [ 2.74630185,  2.48273538],
       [ 1.36368639,  2.85478893],
       [-0.43933579,  1.31709738],
       [-0.46713583,  0.94663052],
       [ 2.00489563,  1.29803557],
       [ 0.74393759,  1.65350834],
       [-0.24306504,  1.81099435],
       [-0.63907365,  1.03570218],
       [ 2.6275682 ,  2.44106802],
       [ 1.77114763,  1.06631671],
       [ 1.18664894,  0.89933847],
       [ 0.08413624,  1.35392732],
       [ 1.89140428,  1.24694701],
       [ 1.74849825,  1.52307148],
       [ 0.52108765,  2.00774087],
       [ 0.9775232 ,  2.09172173],
       [ 1.74023843,  1.02920509],
       [ 2.38560757,  2.2055142 ],
       [-1.83783595,  1.04016945],
       [ 2.13574848,  2.1664764 ],
       [ 1.67702122,  3.14517301],
       [ 0.70469346, -0.10341814],
       [ 1.11293626,  3.25827412],
       [-0.08029005,  1.79523182],
       [ 1.39108093,  2.7513979 ],
       [ 0.45850331,  2.3801909 ],
       [-0.0479917 ,  3.04570795],
       [ 1.54798467,  1.65444486],
       [ 2.09897261,  2.59784718],
       [ 0.1810888 ,  1.65123353],
       [ 2.23450388,  1.96810842],
       [-0.25447392,  2.05905068],
       [ 1.42392989,  1.28896351],
       [-0.29638718,  1.84394023],
       [ 0.84387316,  1.88512846],
       [-1.06158943,  0.82731952],
       [ 1.09810321,  1.36646187],
       [-0.2591345 ,  3.8222811 ],
       [ 0.44784745,  2.72199668],
       [ 0.64107251,  3.11348003],
       [ 0.73961785,  1.00659607],
       [ 2.31159761,  1.33676868],
       [ 2.70714219,  1.17323787],
       [ 2.33864177,  2.09316175],
       [ 2.7803451 ,  1.18861302],
       [ 1.49944836,  2.50711747],
       [-1.32897135,  0.31366871],
       [ 0.36443921,  3.82098197],
       [-1.28681962,  1.3231767 ],
       [ 0.94712165,  1.70496779],
       [ 2.29869668,  1.34982788],
       [ 2.58932384,  1.84264731],
       [-0.20812176,  1.0340247 ],
       [ 2.31470661,  3.03063793],
       [ 1.84081892,  1.29869998],
       [ 1.72217229,  1.7316335 ],
       [ 0.17211112,  2.71099499],
       [ 1.04885969,  1.30972058],
       [ 0.16178541,  2.27879646],
       [ 0.41283792,  2.44986222],
       [ 1.82008658,  2.39534605],
       [-0.22623023,  2.51023794],
       [ 2.31393826,  2.49043976],
       [ 1.79427605,  2.75806732],
       [ 1.8772782 ,  2.60043773],
       [ 1.21977049,  1.35726887],
       [ 1.18347713,  2.43091281],
       [ 0.29886782,  1.53343883],
       [-0.80910249,  0.54543118],
       [-0.1315445 ,  1.37006731],
       [ 1.32943991,  2.2329655 ]]), array([1, 0, 1, 0, 0, 0, 1, 0, 0, 1, 1, 0, 1, 1, 0, 1, 1, 1, 0, 1, 0, 1, 0,
       0, 1, 0, 1, 0, 1, 1, 0, 0, 0, 1, 0, 0, 0, 1, 1, 0, 0, 1, 1, 0, 0, 1,
       1, 0, 1, 1, 0, 0, 0, 1, 0, 0, 1, 1, 0, 1, 0, 1, 0, 1, 0, 1, 0, 0, 0,
       1, 1, 1, 1, 1, 1, 0, 0, 0, 1, 1, 1, 0, 1, 1, 1, 0, 1, 0, 0, 1, 0, 1,
       1, 1, 1, 0, 0, 0, 0, 0])))