0 0 15914.000 1702.000 352.000
0 1 12991.000 1837.000 282.000
0 2 7844.000 2129.000 291.000
0 3 23550.000 2145.000 417.000
0 4 7615.000 36387.000 990.000
0 5 9727.000 1516.000 281.000
0 6 11965.000 1216.000 270.000
0 7 4189.000 1286.000 212.000
0 8 3897.000 1255.000 270.000
0 9 3879.000 3154.000 251.000
0 10 4763.000 1032.000 263.000
0 11 9931.000 2247.000 367.000
0 12 10141.000 1878.000 389.000
0 13 3905.000 1949.000 268.000
0 14 3598.000 1275.000 182.000
0 15 6629.000 783.000 277.000
0 16 2841.000 1118.000 173.000
1 0 1800.000 1539.000 241.000
1 1 20657.000 3791.000 474.000
1 2 13757.000 3246.000 444.000
1 3 14983.000 3025.000 346.000
1 4 11327.000 18614.000 769.000
1 5 27440.000 5322.000 687.000
1 6 14831.000 2437.000 355.000
1 7 17418.000 4418.000 517.000
1 8 3630.000 1445.000 319.000
1 9 13689.000 42031.000 1102.000
1 10 18850.000 1788.000 480.000
1 11 13908.000 4581.000 396.000
1 12 12645.000 1643.000 358.000
1 13 29000.000 1950.000 632.000
1 14 18960.000 46581.000 1121.000
1 15 13511.000 2358.000 392.000
1 16 21134.000 2291.000 364.000
2 0 9670.000 2413.000 285.000
2 1 9939.000 2527.000 406.000
2 2 15625.000 2776.000 383.000
2 3 18145.000 3497.000 356.000
2 4 16668.000 2901.000 425.000
2 5 32855.000 40808.000 1407.000
2 6 36910.000 22442.000 914.000
2 7 5482.000 15107.000 572.000
2 8 18418.000 36705.000 1135.000
2 9 18341.000 39231.000 1062.000
2 10 27696.000 41055.000 1424.000
2 11 18944.000 3151.000 422.000
2 12 22077.000 42607.000 1165.000
2 13 19382.000 42497.000 1208.000
2 14 18580.000 37455.000 1036.000
2 15 2001.000 1339.000 212.000
2 16 1150.000 794.000 205.000
3 0 15385.000 2748.000 439.000
3 1 1672.000 807.000 243.000
3 2 19629.000 3968.000 580.000
3 3 25420.000 2294.000 416.000
3 4 15418.000 2763.000 372.000
3 5 14324.000 5161.000 386.000
3 6 1928.000 746.000 215.000
3 7 26623.000 4168.000 551.000
3 8 19409.000 4660.000 416.000
3 9 27255.000 4975.000 478.000
3 10 10699.000 2458.000 374.000
3 11 13109.000 1200.000 299.000
3 12 15510.000 5043.000 401.000
3 13 13972.000 1609.000 305.000
3 14 12983.000 1291.000 293.000
3 15 9801.000 1863.000 289.000
3 16 13521.000 2525.000 297.000
4 0 15954.000 2984.000 476.000
4 1 31450.000 2879.000 631.000
4 2 23116.000 2582.000 569.000
4 3 2681.000 1356.000 223.000
4 4 18738.000 51358.000 1615.000
4 5 7769.000 25501.000 1009.000
4 6 21589.000 3028.000 536.000
4 7 1969.000 1094.000 234.000
4 8 13286.000 41135.000 1260.000
4 9 12633.000 40873.000 1102.000
4 10 20865.000 54694.000 1626.000
4 11 1350.000 413.000 188.000
4 12 17884.000 45142.000 1410.000
4 13 17622.000 2952.000 521.000
4 14 14247.000 16153.000 561.000
4 15 2979.000 978.000 235.000
4 16 11582.000 3503.000 361.000
5 0 11141.000 42458.000 1068.000
5 1 8823.000 27735.000 778.000
5 2 17089.000 45829.000 1174.000
5 3 1570.000 967.000 148.000
5 4 9384.000 25963.000 852.000
5 5 2172.000 1106.000 267.000
5 6 22975.000 36160.000 1023.000
5 7 17925.000 43236.000 1210.000
5 8 14551.000 2330.000 391.000
5 9 1580.000 1105.000 226.000
5 10 18505.000 3016.000 386.000
5 11 18231.000 7797.000 524.000
5 12 1189.000 1210.000 229.000
5 13 17332.000 45668.000 1152.000
5 14 24387.000 41454.000 1006.000
5 15 20381.000 5069.000 440.000
5 16 14693.000 44621.000 1103.000
6 0 25500.000 46481.000 1470.000
6 1 15752.000 46971.000 1335.000
6 2 11453.000 43912.000 1445.000
6 3 8046.000 21071.000 667.000
6 4 12296.000 35407.000 1243.000
6 5 11629.000 30996.000 1095.000
6 6 15520.000 43081.000 1078.000
6 7 19413.000 49861.000 1313.000
6 8 10787.000 23631.000 870.000
6 9 17627.000 45555.000 1274.000
6 10 16385.000 40484.000 1418.000
6 11 13473.000 38598.000 1169.000
6 12 14114.000 26782.000 948.000
6 13 7679.000 31276.000 902.000
6 14 1294.000 555.000 200.000
6 15 10773.000 26595.000 940.000
6 16 16785.000 50454.000 1426.000
7 0 15923.000 1825.000 368.000
7 1 8350.000 1720.000 327.000
7 2 10510.000 2568.000 352.000
7 3 8446.000 1546.000 299.000
7 4 12052.000 1257.000 297.000
7 5 19459.000 2253.000 432.000
7 6 16790.000 1418.000 315.000
7 7 14708.000 47851.000 1447.000
7 8 16223.000 40448.000 1241.000
7 9 13156.000 43279.000 1202.000
7 10 13561.000 46507.000 1342.000
7 11 12830.000 39731.000 1089.000
7 12 1953.000 843.000 179.000
7 13 10709.000 40172.000 1297.000
7 14 16707.000 45325.000 1152.000
7 15 13879.000 46759.000 1316.000
7 16 9445.000 20436.000 756.000
8 0 8135.000 2150.000 270.000
8 1 1140.000 476.000 214.000
8 2 16474.000 3894.000 423.000
8 3 20213.000 2954.000 382.000
8 4 10438.000 2563.000 301.000
8 5 22300.000 4128.000 476.000
8 6 10669.000 1190.000 248.000
8 7 1762.000 1467.000 222.000
8 8 16681.000 3817.000 407.000
8 9 23816.000 2534.000 365.000
8 10 19775.000 3057.000 496.000
8 11 17371.000 4342.000 308.000
8 12 11146.000 1274.000 276.000
8 13 8695.000 1738.000 312.000
8 14 13594.000 1314.000 275.000
8 15 7917.000 1592.000 248.000
8 16 16069.000 1454.000 311.000
9 0 17406.000 1338.000 392.000
9 1 15221.000 2501.000 349.000
9 2 9596.000 1806.000 293.000
9 3 27525.000 1978.000 476.000
9 4 11542.000 42770.000 1314.000
9 5 10153.000 2334.000 320.000
9 6 13041.000 1624.000 377.000
9 7 5179.000 1731.000 310.000
9 8 5141.000 971.000 221.000
9 9 6299.000 3703.000 292.000
9 10 3195.000 584.000 176.000
9 11 9129.000 1328.000 289.000
9 12 7295.000 1578.000 309.000
9 13 4066.000 2662.000 286.000
9 14 6019.000 2184.000 297.000
9 15 8373.000 1325.000 251.000
9 16 2720.000 636.000 143.000
10 0 1791.000 975.000 208.000
10 1 24958.000 2545.000 497.000
10 2 16121.000 2755.000 463.000
10 3 15409.000 2404.000 407.000
10 4 11466.000 17933.000 684.000
10 5 23425.000 5423.000 563.000
10 6 11962.000 1970.000 328.000
10 7 16246.000 3700.000 472.000
10 8 1611.000 1177.000 251.000
10 9 13875.000 41135.000 1166.000
10 10 18719.000 1435.000 410.000
10 11 13639.000 3294.000 361.000
10 12 10462.000 774.000 268.000
10 13 25301.000 1307.000 478.000
10 14 17784.000 46415.000 1144.000
10 15 14226.000 2880.000 413.000
10 16 18653.000 2107.000 369.000
11 0 9401.000 1106.000 263.000
11 1 8086.000 1829.000 260.000
11 2 15460.000 2070.000 398.000
11 3 21156.000 3853.000 450.000
11 4 18045.000 2160.000 388.000
11 5 29418.000 40546.000 1263.000
11 6 37750.000 22463.000 911.000
11 7 6480.000 16762.000 677.000
11 8 19423.000 35854.000 1093.000
11 9 17221.000 41745.000 1050.000
11 10 27455.000 41289.000 1304.000
11 11 17489.000 2487.000 324.000
11 12 23738.000 40025.000 1276.000
11 13 17063.000 44202.000 1154.000
11 14 17335.000 37707.000 899.000
11 15 1970.000 1231.000 249.000
11 16 1998.000 1241.000 190.000
12 0 16839.000 1559.000 393.000
12 1 1832.000 667.000 191.000
12 2 22490.000 3429.000 561.000
12 3 26826.000 2853.000 574.000
12 4 18465.000 3206.000 467.000
12 5 18042.000 5946.000 564.000
12 6 2754.000 893.000 224.000
12 7 31098.000 3485.000 601.000
12 8 21414.000 3678.000 457.000
12 9 25774.000 5841.000 594.000
12 10 16300.000 4895.000 757.000
12 11 12754.000 2125.000 356.000
12 12 18407.000 3286.000 441.000
12 13 14903.000 2165.000 394.000
12 14 13003.000 1110.000 365.000
12 15 11413.000 2492.000 353.000
12 16 14018.000 2114.000 332.000
13 0 17052.000 2360.000 345.000
13 1 25316.000 2202.000 468.000
13 2 20455.000 1869.000 460.000
13 3 1367.000 464.000 209.000
13 4 15809.000 41694.000 1243.000
13 5 6843.000 20257.000 699.000
13 6 20603.000 2324.000 370.000
13 7 2945.000 731.000 201.000
13 8 12072.000 38205.000 1047.000
13 9 12255.000 36113.000 1045.000
13 10 16700.000 44621.000 1237.000
13 11 1836.000 566.000 194.000
13 12 14642.000 41096.000 1098.000
13 13 17788.000 3571.000 415.000
13 14 13284.000 16052.000 542.000
13 15 3505.000 1383.000 294.000
13 16 12907.000 2485.000 452.000
14 0 11909.000 42645.000 1209.000
14 1 8171.000 25675.000 844.000
14 2 18966.000 45800.000 1554.000
14 3 1669.000 391.000 143.000
14 4 9831.000 25721.000 918.000
14 5 2434.000 1058.000 209.000
14 6 22004.000 35536.000 1171.000
14 7 16642.000 42114.000 1335.000
14 8 12865.000 2780.000 346.000
14 9 1026.000 753.000 217.000
14 10 17335.000 2477.000 455.000
14 11 17125.000 7119.000 468.000
14 12 3340.000 1820.000 240.000
14 13 14754.000 46279.000 1323.000
14 14 25011.000 43462.000 1201.000
14 15 22116.000 6400.000 647.000
14 16 14744.000 44944.000 1252.000
15 0 21838.000 46376.000 1457.000
15 1 17801.000 43816.000 1354.000
15 2 13726.000 43353.000 1572.000
15 3 6551.000 17396.000 617.000
15 4 11131.000 36491.000 1251.000
15 5 10386.000 28251.000 1087.000
15 6 13499.000 39142.000 1191.000
15 7 19991.000 50928.000 1663.000
15 8 11609.000 22535.000 946.000
15 9 17531.000 47153.000 1306.000
15 10 15966.000 39871.000 1481.000
15 11 14949.000 39456.000 1240.000
15 12 14785.000 25958.000 1013.000
15 13 9710.000 32080.000 1068.000
15 14 1423.000 382.000 183.000
15 15 9329.000 26046.000 856.000
15 16 16885.000 50317.000 1425.000
16 0 15497.000 3212.000 430.000
16 1 9852.000 5037.000 450.000
16 2 11094.000 2487.000 406.000
16 3 6759.000 1277.000 261.000
16 4 10709.000 1774.000 330.000
16 5 16594.000 1827.000 367.000
16 6 13711.000 1250.000 367.000
16 7 14449.000 41510.000 1118.000
16 8 14955.000 43119.000 1125.000
16 9 10267.000 39246.000 1045.000
16 10 11938.000 41348.000 1139.000
16 11 8995.000 39403.000 889.000
16 12 2022.000 1300.000 232.000
16 13 12328.000 31648.000 955.000
16 14 14395.000 43610.000 992.000
16 15 11811.000 41152.000 1074.000
16 16 9211.000 19611.000 626.000
17 0 2775.000 1839.000 1402.000
17 1 2787.000 2018.000 1470.000
17 2 14865.000 4687.000 1718.000
17 3 17505.000 3678.000 1584.000
17 4 13104.000 3463.000 1727.000
17 5 18361.000 4629.000 1779.000
17 6 10940.000 2601.000 1518.000
17 7 3080.000 2398.000 1484.000
17 8 14746.000 4335.000 1594.000
17 9 27170.000 2893.000 1695.000
17 10 19461.000 3406.000 1657.000
17 11 18806.000 5873.000 1612.000
17 12 12460.000 2724.000 1606.000
17 13 8963.000 3461.000 1632.000
17 14 14568.000 2937.000 1570.000
17 15 8409.000 3021.000 1547.000
17 16 13652.000 3161.000 1641.000
